.ref <- list(quick = "/2017/02/23/quick")